2.000000000000000000e+02
2.020408163265306030e+02
2.040816326530612344e+02
2.061224489795918373e+02
2.081632653061224403e+02
2.102040816326530717e+02
2.122448979591836746e+02
2.142857142857142776e+02
2.163265306122449090e+02
2.183673469387755119e+02
2.204081632653061149e+02
2.224489795918367463e+02
2.244897959183673493e+02
2.265306122448979522e+02
2.285714285714285836e+02
2.306122448979591866e+02
2.326530612244897895e+02
2.346938775510204209e+02
2.367346938775510239e+02
2.387755102040816269e+02
2.408163265306122298e+02
2.428571428571428612e+02
2.448979591836734642e+02
2.469387755102040956e+02
2.489795918367346985e+02
2.510204081632653015e+02
2.530612244897959044e+02
2.551020408163265358e+02
2.571428571428571672e+02
2.591836734693877702e+02
2.612244897959183731e+02
2.632653061224489761e+02
2.653061224489795791e+02
2.673469387755102389e+02
2.693877551020408418e+02
2.714285714285714448e+02
2.734693877551020478e+02
2.755102040816326507e+02
2.775510204081632537e+02
2.795918367346938567e+02
2.816326530612244596e+02
2.836734693877551194e+02
2.857142857142857224e+02
2.877551020408163254e+02
2.897959183673469283e+02
2.918367346938775881e+02
2.938775510204081911e+02
2.959183673469387941e+02
2.979591836734693970e+02
3.000000000000000000e+02
