5.000000000000000104e-04
6.938775510204081998e-04
8.877551020408162808e-04
1.081632653061224579e-03
1.275510204081632551e-03
1.469387755102040741e-03
1.663265306122448930e-03
1.857142857142857120e-03
2.051020408163265092e-03
2.244897959183673498e-03
2.438775510204081471e-03
2.632653061224489877e-03
2.826530612244897850e-03
3.020408163265305822e-03
3.214285714285714229e-03
3.408163265306122635e-03
3.602040816326530608e-03
3.795918367346938580e-03
3.989795918367346553e-03
4.183673469387754959e-03
4.377551020408162498e-03
4.571428571428570904e-03
4.765306122448979310e-03
4.959183673469386849e-03
5.153061224489796123e-03
5.346938775510204529e-03
5.540816326530612068e-03
5.734693877551020474e-03
5.928571428571428881e-03
6.122448979591836420e-03
6.316326530612244826e-03
6.510204081632652365e-03
6.704081632653060771e-03
6.897959183673469177e-03
7.091836734693876716e-03
7.285714285714285990e-03
7.479591836734693529e-03
7.673469387755101935e-03
7.867346938775509474e-03
8.061224489795917880e-03
8.255102040816324552e-03
8.448979591836736427e-03
8.642857142857143099e-03
8.836734693877551505e-03
9.030612244897959912e-03
9.224489795918368318e-03
9.418367346938774989e-03
9.612244897959183396e-03
9.806122448979591802e-03
1.000000000000000021e-02
